362001060009
362001060067
362001060074
362001060168
362001060185
362001060200
362001060266
362001060297
362001060368
362001060383
362001060384
362001060429
362001060498
362001060499
362001060629
362001060705
362001060709
362001060896
362001060946
362001060956
362001060965
362001060990
362001060991
362001061023
362001061024
362001061060
362001061068
362001061111
362001061114
362001061133
362001061144
362001061145
362001061147
362001061148
362001061163
362001061167
362001061195
362001061217
362001061234
362001061264
362001061272
362001061321
362001061329
362001061331
362001061359
362001061370
362001061380
362001061381
362001061383
362001061391
362001061394
362001061395
362001061433
362001061436
362001061437
362001061446
362001061462
362001061549
362001061608
362001061615
362001061646
362001061649
362001061665
362001061704
362001061734
362001061737
362001061822
362001061824
362001061861
362001061862
362001061890
362001061894
362001061895
362001061897
362001061898
362001061917
362001061996
362001062025
362001062030
362001062033
362001062071
362001062097
362001062107
362001062126
362001062214
362001062233
362001062293
362001062295
362001062353
362001062557
362001062573
362001062617
362001062637
362001062639
362001062715
362001062765
362001062776
362001062842
362001062870
362001062978
362001062992
362001063012
362001063014
362001063062
362001063066
362001063081
362001063082
362001063084
362001063085
362001063147
362001063149
362001063153
362001063222
362001063228
362001063300
362001063384
362001063525
362001063533
362001063534
362001063794
362001063795
362001063856
362001063865
362001063903
362001063967
362001064182
362001064231
362001064270
362001064304
362001064307
362001064472
362001064475
362001064605
362001064696
362001064754
362001064973
362001065016
362001065029
362001065130
362001065232
362001065278
362001065279
362001065280
362001065281
362001065355
362001065356
362001065430
362001065434
362001065517
362001065520
362001065547
362001065567
362001065568
362001065586
362001065602
362001065634
362001065635
362001065701
362001065734
362001065735
362001065736
362001065811
362001065820
362001065867
362001065909
362001065910
362001066012
362001066061
362001066062
362001066140
362001066141
362001066188
362001066221
362001066224
362001066240
362001066251
362001066300
362001066308
362001066326
362001066352
362001066368
362001066369
362001066380
362001066394
362001066395
362001066427
362001066428
362001066437
362001066481
362001066511
362001066515
362001066542
362001066657
362001066730
362001066763
362001066962
362001066976
362001067012
362001067047
362001067081
362001067088
362001067139
362001067274
362001067276
362001067277
362001067405
362001067419
362001067422
362001067425
362001067427
362001067496
362001067522
362001067524
362001067538
362001067540
362001067541
362001067592
362001067668
362001067802
362001067919
362001067928
362001068179
362001068254
362001068295
362001068380
362001068411
362001068423
362001068458
362001068561
362001068796
362001068811
362001068839
362001068872
362001068882
362001068890
362001068893
362001068894
362001068895
362001068896
362001068897
362001068898
362001068899
362001068900
362001068901
362001068902
362001068903
362001068904
362001068905
362001068906
362001068907
362001068908
362001068909
362001068910
362001068911
362001068912
362001068913
362001068914
362001068915
362001068916
362001068917
362001068918
362001068919
362001068920
362001068921
362001068922
362001068923
362001068924
362001068925
362001068926
362001068927
362001068928
362001068929
362001068930
362001068931
362001068932
362001068933
362001068934
362001068935
362001068936
362001068937
362001068938
362001068939
362001068940
362001068941
362001068942
362001068943
362001068944
362001068945
362001068946
362001068947
362001068948
362001068949
362001068950
362001068951
362001068952
362001068953
362001068954
362001068955
362001068956
362001068957
362001068958
362001068959
362001068960
362001068961
362001068962
362001068963
362001068964
362001068965
362001068966
362001068967
362001068968
362001068969
362001068970
362001068971
362001068972
362001068973
362001068974
362001068975
362001068976
362001068977
362001068978
362001068979
362001068980
362001068982
362001068984
362001068985
362001068986
362001068987
362001068988
362001068989
362001068990
362001068991
362001068992
362001068993
362001068994
362001068995
362001068998
362001068999
362001069000
362001069001
362001069002
362001069003
362001069005
362001069006
362001069007
362001069009
362001069011
362001069012
362001069013
362001069014
362001069019
362001069020
362001069021
362001069023
362001069024
362001069028
362001069030
362001069038
362001069039
362001069999
